1	25.1111
2	24.8889
3	25.4444
4	25.3333
5	25.4444
6	25.3333
7	25.6667
8	27
9	26.7778
10	26.4444
11	27.6667
12	27.6667
13	27.3333
14	27.2222
15	28.1111
16	27.8889
17	27.8889
18	28
19	28.6667
20	28.5556
21	28.8889
22	28.7778
23	28.8889
24	29.4444
25	29.1111
26	29.7778
27	29.4444
28	29.6667
29	29.7778
30	31.3333
31	30.2222
32	29.6667
33	31.1111
34	30.5556
35	30.6667
36	31.3333
37	31.7778
38	32.6667
39	32.4444
40	32.2222
41	32.1111
42	31.8889
43	32.1111
44	33.1111
45	33.2222
46	31.8889
47	34.2222
48	32.8889
49	32.5556
50	33
51	34.3333
52	34.5556
53	33.3333
54	35.2222
55	35.3333
56	35.2222
57	34.2222
58	34.1111
59	35.5556
60	35.3333
61	35.6667
62	35.5556
63	37.2222
64	36.2222
65	36.6667
66	35.8889
67	35.2222
68	35.8889
69	36
70	35.8889
71	36
72	37.1111
73	36.7778
74	38.3333
75	37
76	38.4444
77	37.5556
78	37.5556
79	38
80	37.8889
81	38.1111
82	38.2222
83	37.8889
84	39.1111
85	37.2222
86	38.5556
87	38.8889
88	39.5556
89	38.7778
90	38.4444
91	38.3333
92	39
93	38.3333
94	37.6667
95	38.1111
96	39.4444
97	38.1111
98	38.8889
99	38.7778
100	39.6667
101	39.2222
102	40.7778
103	39.4444
104	39.3333
105	40.6667
106	39.7778
107	39.8889
108	40.6667
109	40.3333
110	40.4444
111	38.8889
112	39.8889
113	41.3333
114	40
115	41.2222
116	41.2222
117	40.1111
118	40.7778
119	41.7778
120	40
121	41.2222
122	41.3333
123	41.7778
124	42.4444
125	42.6667
126	41.6667
127	41.7778
128	41.1111
129	41.7778
130	42.3333
131	42
132	42.6667
133	42.2222
134	43.2222
135	42
136	42.3333
137	42.7778
138	43.2222
139	42.2222
140	43.1111
141	43.1111
142	43.2222
143	43.1111
144	42.7778
145	43.4444
146	43.5556
147	43.6667
148	43.7778
149	44.4444
150	43.2222
151	43.3333
152	43
153	43.5556
154	43.7778
155	44.1111
156	43.1111
157	43.6667
158	43.5556
159	43.5556
160	43.3333
161	43.4444
162	45.4444
163	44.4444
164	44
165	43.5556
166	45.2222
167	43.5556
168	44.5556
169	43.6667
170	44.5556
171	44.5556
172	45.2222
173	43.6667
174	45.2222
175	45.5556
176	44.1111
177	44.4444
178	44.8889
179	45.2222
180	45.3333
181	44.2222
182	45.2222
183	44.8889
184	44.4444
185	45.7778
186	45.7778
187	44.5556
188	46.3333
189	45.6667
190	45.1111
191	46
192	46.1111
193	45.8889
194	46.2222
195	44.7778
196	45.7778
197	47
198	45.7778
199	46.4444
200	46.4444
201	46.1111
202	45.5556
203	46.6667
204	47.1111
205	46
206	45.7778
207	46.8889
208	47.3333
209	46.1111
210	47.3333
211	46.5556
212	46.7778
213	47.1111
214	45.8889
215	46.8889
216	46.7778
217	47.2222
218	47.2222
219	47.3333
220	46.7778
221	47.2222
222	47.5556
223	47.2222
224	47.8889
225	48
226	48.2222
227	48.4444
228	47.4444
229	47.1111
230	47.7778
231	47.6667
232	47.6667
233	48.7778
234	47.4444
235	47.7778
236	47.3333
237	48.1111
238	49.1111
239	48.1111
240	47.2222
241	48.4444
242	48.7778
243	48.2222
244	49.2222
245	48.8889
246	49
247	47
248	47.4444
249	48.6667
250	48.2222
251	47.4444
252	48.2222
253	48.5556
254	48.1111
255	48.6667
256	48.5556
257	48.2222
258	48.5556
259	48.4444
260	48.8889
261	48.7778
262	49.2222
263	49.2222
264	49.8889
265	49.4444
266	48.8889
267	49.4444
268	49
269	48.6667
270	49
271	47.8889
272	49.3333
273	49.3333
274	50.1111
275	49.5556
276	49.8889
277	49.4444
278	49.8889
279	50.3333
280	50.5556
281	49.1111
282	50.4444
283	49.7778
284	49.8889
285	48.6667
286	50.5556
287	50.7778
288	50
289	50
290	50
291	50.2222
292	50.4444
293	50.2222
294	50.2222
295	49.8889
296	49.5556
297	50.7778
298	50.8889
299	51.3333
300	50.3333
301	50
302	50.5556
303	50
304	50.4444
305	51.3333
306	50.6667
307	50.6667
308	50.1111
309	50.1111
310	51
311	51.4444
312	51.7778
313	51.1111
314	51.4444
315	51.1111
316	51.6667
317	52
318	51.7778
319	51.1111
320	50.4444
321	52.1111
322	51.4444
323	51.2222
324	52
325	52.5556
326	51.5556
327	51.6667
328	52
329	51.5556
330	52.5556
331	52
332	51.6667
333	52.5556
334	51.6667
335	52.8889
336	52.6667
337	51.4444
338	52.7778
339	52.3333
340	52.8889
341	53.1111
342	51.8889
343	51.4444
344	52.6667
345	52.6667
346	52.3333
347	52
348	51.8889
349	52.4444
350	51.8889
351	52.6667
352	52.3333
353	52.8889
354	53.2222
355	52.5556
356	52.6667
357	52.5556
358	52.1111
359	52.7778
360	53.3333
361	53.3333
362	52.8889
363	53.3333
364	52.6667
365	52.7778
366	54.4444
367	53.4444
368	52.5556
369	52.2222
370	52.6667
371	52.8889
372	52.6667
373	53
374	52.6667
375	52.8889
376	54.1111
377	53.3333
378	53.1111
379	54.1111
380	53.6667
381	53.5556
382	53.7778
383	54.3333
384	53.5556
385	54.2222
386	54.4444
387	53.4444
388	54.1111
389	53.7778
390	53.3333
391	53.7778
392	54.1111
393	54.3333
394	53.5556
395	54.5556
396	54
397	54.4444
398	53.8889
399	54.2222
400	54
401	54.6667
402	55
403	54.3333
404	55.1111
405	54.8889
406	54.1111
407	54.3333
408	55.3333
409	54.5556
410	54.4444
411	54.5556
412	54.5556
413	55.1111
414	54.8889
415	55.1111
416	55.6667
417	54.6667
418	54.8889
419	55.5556
420	55.6667
421	55.7778
422	55.5556
423	55.6667
424	55.1111
425	55.5556
426	55.5556
427	55.1111
428	54.5556
429	56
430	55.1111
431	55.4444
432	55.7778
433	54.8889
434	55.3333
435	55.4444
436	55.4444
437	56.2222
438	55
439	55.7778
440	55.7778
441	55.3333
442	56
443	55.6667
444	56
445	56
446	55.4444
447	56.3333
448	56.3333
449	56.1111
450	55.8889
451	56.7778
452	55.4444
453	56.3333
454	56.6667
455	55.6667
456	57.1111
457	57
458	56.1111
459	55.6667
460	56.3333
461	56.8889
462	56.5556
463	56.6667
464	56.2222
465	57
466	57.1111
467	56.7778
468	57.2222
469	57.2222
470	56.8889
471	56.8889
472	57.2222
473	56.8889
474	57.1111
475	56.8889
476	56.4444
477	57.1111
478	57
479	57.1111
480	57.1111
481	56.8889
482	57.5556
483	57.5556
484	58.2222
485	56.8889
486	57.1111
487	57.7778
488	58
489	57.4444
490	57.8889
491	57.8889
492	57.7778
493	57.3333
494	58.8889
495	57.8889
496	57.8889
497	58.2222
498	58.2222
499	58.3333
500	57.7778
501	58.1111
502	59
503	58.8889
504	59
505	59.2222
506	59.1111
507	58.6667
508	58.1111
509	58.3333
510	58.8889
511	58.2222
512	58.6667
513	59.3333
514	57.6667
515	59.2222
516	58.3333
517	58.6667
518	59.2222
519	58.3333
520	58.4444
521	59.4444
522	59.7778
523	58.7778
524	59.4444
525	59.3333
526	59.4444
527	59.2222
528	58.6667
529	59.3333
530	58.8889
531	58.3333
532	59
533	59
534	58.5556
535	58.6667
536	59.2222
537	59.3333
538	59.1111
539	59
540	59.5556
541	59
542	59.5556
543	59.7778
544	60.1111
545	60.2222
546	59.1111
547	59.6667
548	59.8889
549	58.8889
550	59.3333
551	59.4444
552	59.1111
553	59.3333
554	59.2222
555	60
556	59.3333
557	59.3333
558	58.6667
559	59.1111
560	60.3333
561	59.4444
562	60
563	59.7778
564	59.5556
565	60.3333
566	59.8889
567	59.5556
568	59.3333
569	59.8889
570	59.5556
571	59.1111
572	59.8889
573	59
574	60.1111
575	60.5556
576	59.4444
577	59.3333
578	59.4444
579	59.3333
580	59.5556
581	59.4444
582	59
583	60.3333
584	60.5556
585	60.2222
586	59.7778
587	60.3333
588	60.2222
589	61
590	61
591	60.4444
592	59.8889
593	60.2222
594	60.7778
595	61.4444
596	61.1111
597	60.7778
598	61
599	60.8889
600	60.6667
601	61
602	60.7778
603	61
604	61.3333
605	61.3333
606	60.5556
607	61.4444
608	61.3333
609	61.3333
610	61.8889
611	61.1111
612	61.5556
613	61.6667
614	61.3333
615	61.1111
616	61
617	61.3333
618	60.7778
619	60.8889
620	61.4444
621	60.7778
622	61.2222
623	60.8889
624	61.8889
625	61.2222
626	62
627	62
628	62.3333
629	62
630	61.3333
631	61.7778
632	61.3333
633	61.7778
634	61.3333
635	62.5556
636	62.6667
637	61.4444
638	62.2222
639	62
640	62
641	62.4444
642	62.1111
643	62
644	61.7778
645	62.2222
646	62.4444
647	62.3333
648	61.8889
649	62.6667
650	62.5556
651	61.5556
652	61.7778
653	62.3333
654	61.8889
655	62.1111
656	62.3333
657	62.5556
658	62.3333
659	62.8889
660	62.2222
661	61.4444
662	62
663	62.4444
664	62.7778
665	62.3333
666	62
667	62.2222
668	62.4444
669	62
670	62.7778
671	62.6667
672	62.4444
673	63.1111
674	61.7778
675	62.2222
676	62.6667
677	63.3333
678	62.2222
679	62.3333
680	63.2222
681	62.2222
682	62.8889
683	63.1111
684	63.1111
685	62.8889
686	62.4444
687	63
688	63
689	63.3333
690	62.6667
691	63
692	63.4444
693	63.8889
694	63.3333
695	63.2222
696	64
697	62.3333
698	62.4444
699	62.8889
700	63.2222
701	63.3333
702	64
703	64.1111
704	63.1111
705	63.4444
706	62.5556
707	63.6667
708	63.5556
709	64.1111
710	63.3333
711	64.3333
712	64.1111
713	64.1111
714	63.6667
715	63.6667
716	64.2222
717	64.1111
718	64.2222
719	64.4444
720	63
721	63.4444
722	63.7778
723	63.8889
724	64
725	64
726	64
727	63.5556
728	63.7778
729	63.5556
730	64.1111
731	64
732	63.7778
733	63.8889
734	63.8889
735	63.7778
736	63.1111
737	63.7778
738	64.1111
739	64.1111
740	63.7778
741	64.3333
742	63.7778
743	64
744	63.8889
745	64.6667
746	63.6667
747	63.7778
748	64.7778
749	63.7778
750	64.6667
751	63.5556
752	64.5556
753	63.8889
754	63.6667
755	64.4444
756	64.1111
757	64.5556
758	63.8889
759	64.6667
760	64.6667
761	64.4444
762	64.4444
763	64.1111
764	64.4444
765	64.5556
766	63.4444
767	65
768	64.4444
769	65
770	63.8889
771	64.3333
772	64.4444
773	64.4444
774	64.5556
775	64.7778
776	64.3333
777	64.8889
778	64.7778
779	64.3333
780	64.8889
781	64.7778
782	65.5556
783	65.1111
784	65.1111
785	64.8889
786	64.2222
787	64.5556
788	65.2222
789	64.4444
790	65.2222
791	65.2222
792	64.8889
793	65.2222
794	65.1111
795	65.1111
796	65.1111
797	65
798	66
799	64.8889
800	65.8889
801	65.5556
802	65.5556
803	65.1111
804	65
805	65.3333
806	65.4444
807	65.7778
808	65.7778
809	65.2222
810	65.2222
811	65
812	65.8889
813	65.3333
814	66.2222
815	65.5556
816	64.4444
817	66
818	65.6667
819	65.4444
820	65.7778
821	65.1111
822	66.3333
823	65.7778
824	66.1111
825	65.4444
826	66.2222
827	65.6667
828	65.1111
829	65.6667
830	66.2222
831	66.8889
832	66.3333
833	67
834	66.2222
835	65.8889
836	66.2222
837	65.8889
838	66.2222
839	66.6667
840	66.2222
841	66.5556
842	65.8889
843	66.3333
844	66.6667
845	65.5556
846	66.4444
847	66.2222
848	66.2222
849	67
850	66.5556
851	66.7778
852	66.8889
853	66.7778
854	66.5556
855	66.8889
856	67.4444
857	66.6667
858	66.6667
859	67
860	66.4444
861	67
862	66.2222
863	66.3333
864	66.5556
865	66.6667
866	66.5556
867	67
868	67.3333
869	67
870	66.6667
871	67
872	67
873	67.8889
874	66.8889
875	68.1111
876	67
877	66.7778
878	67.3333
879	67.7778
880	66.8889
881	67
882	67.3333
883	66.8889
884	67.3333
885	68
886	67.6667
887	68
888	68.3333
889	67.4444
890	68
891	67.1111
892	66.4444
893	68.1111
894	67.8889
895	68
896	67.5556
897	67.5556
898	67.7778
899	67.6667
900	68
901	68.3333
902	67
903	67.7778
904	67.8889
905	67.4444
906	68.1111
907	68.2222
908	67.7778
909	67.6667
910	67.8889
911	68.2222
912	68.5556
913	67.5556
914	68.2222
915	68.5556
916	68
917	68.5556
918	68.5556
919	67.8889
920	68.7778
921	67.4444
922	68
923	68.3333
924	68.2222
925	68.3333
926	68.3333
927	68.2222
928	68.7778
929	67.5556
930	68.7778
931	68.1111
932	68.4444
933	68.3333
934	67.8889
935	68.4444
936	68.5556
937	68.8889
938	68.2222
939	68.2222
940	68.8889
941	68.6667
942	69.3333
943	68.7778
944	68.3333
945	69.1111
946	68.6667
947	68.8889
948	69.6667
949	69.6667
950	69.2222
951	68.8889
952	68.2222
953	68.2222
954	69.1111
955	68.8889
956	69.3333
957	69.2222
958	68.7778
959	69
960	69.5556
961	68.8889
962	68.7778
963	68.8889
964	69
965	68.7778
966	68.3333
967	69.2222
968	68.7778
969	69.1111
970	70.1111
971	69
972	68.8889
973	69.2222
974	68.7778
975	69.3333
976	69.1111
977	69.3333
978	69.1111
979	69.1111
980	69.4444
981	69.8889
982	69.2222
983	69.1111
984	69.2222
985	69.2222
986	69
987	69.1111
988	69.3333
989	69.3333
990	69.3333
991	69.6667
992	69.2222
993	69
994	69.5556
995	69.6667
996	69.8889
997	68.8889
998	69.4444
999	69.2222
1000	69.3333
